841679267632513095
859980227189669939
839934812701065225
841167942770622484
839934813532454937
839934813532454933
859980223730286623
839934812701065222
839934813532454935
839934812701065223
839934813112369201
840648812720160769
839934812907110437
839934813313040440
839934813313040439
841171037940875264
839934813532454936
839934812907110436
839934813313040438
839934812701065220
839934812701065219
839934813313040442
839934813313040436
839934813112369199
859978573430652928
859980216661966908
839934812907110438
841315967354798190
859978602429677578
839934812907110430
839934813313040437
841119572944879666
839934812432498787
859980220273655818
859986628801593344
839934812701065224
859978451997556746
839934813313040434
839934812701065216
839934812432498788
