860711233334411304
860710804411514890
860746165696069633
860748949585002546
860698286552776704
860794426937835540
860780818837930024
860786821972885525
860696953306611713
860719946685874177
860763782439632897
860797784986746880
722677290114482257
860711656022474792
860799472375431198
860799053485965332
798751173233868821
860752808600666115
860683016442478593
860782723128229918
860694663765295144
860752593562763314
860772097880752170
860709944495964170
860766313403908138
860712737885782056
860709296660807710
374288123871494145
860690028333236280
782483207139360778
860695595052564480
860693510436159518
860704661388787713
860721159204634626
780850713206194226
860738183070220318
860709509466685450
860782302559993876
700382584407982129
860764589804093441
860727744877953046
860782934352068629
860763057244340225
860768448564690945
860722609058742292
860762622429233162
860524910777466940
860775898689044480
860732715548540949
860734838213181471
525484869216894986
859050266803175425
860777422169440277
860791041987706880
860727523712696341
860757125248450561
860751087387803668
582295560950906880
845860426654941246
860742510674182155
860761103414722610
852558982732316742
860736441550503967
806021184630161418
860731384942821376
860761964334153728
860766312158593054
860740990876909578
860791042289958932
860778054900383764
860683546330529812
760969968086286387
860756481331036161
860684058462781511
860782512578363433
860764332870729748
860745086148804609
799140063006818304
860746600019656704
860797993066037268
735128490738974772
860791675806810112
860720941860782081
860761748868694016
860775475759939584
860795053932937216
860680695311892481
860787869811605505
860751946389782528
860757558188179516
860758203821719583
860697177184796702
860745951031722026
860797570648113213
775925075630358558
860737963755700249
860689129183117333
860728653091831809
860784655111290900
860753033126346752
860782722876440597
860795891341983795
860783143623983115
860785081555353610
860792528496230460
636038032793010217
860695121207885864
860757123864199200
860692112182083585
323991229912317953
860761748659372063
860730260333133854
796674660484775936
860758851929243668
860698729182920704
860798625452654602
860799898823950337
860740555360174130
860719364847566878
860719620990173194
860746818102493204
860767379717226496
860780593121591317
860753462882074635
860697627276738560
860714159665840139
860796100826628106
860774850447278130
860743366274711582
860702494312628254
860701832686075934
860694209928888330
860734377264021544
574575862998106113
860783800282644503
860747672071438346
860763527261716491
860705095514587136
860739266962784266
860787033030000651
860759299239575563
860734378455990302
860722612875427860
860796100432887809
758724047550545942
860694896725327924
860709080527929344
860698729341386762
860732057205473322
860754529259880458
860769300959723560
860796100167598080
860735079894482984
833704380217557003
851015030761193502
860766099234226196
860756264590114851
860734140492152872
834543210545414164
860730705536876614
860740766833573908
860767164406824980
860525193282060318
860766736500391956
842775721129803816
753004456106393640
860350714416726026
860702709635743764
860761533432594452
860682215292796958
860788083959922719
860744655221424168
860793372860219392
860774843644117022
860755387691434004
852430778373242920
860737748902346772
860706896159178792
860764587220533258
834138713021087784
860759533197721610
860524123435958314
860767591056408576
860796515211280414
860760317306077195
860793163865784370
860704660984561664
860770379550162986
860799899397521418
473673589602648064
860701611013046282
860793164825493536
860729792345538630
775196544642580491
860700717391937548
860772307549945866
860758202907623446
860791674392674324
860680464711680021
860708612632215552
499896605588193280
860764333868318720
860715773555376140
860785527409606686
860754105252052993
860714159398060072
860349522148458496
860799263067209768
860777842258346054
860708069285691463
860727746375057418
860711910864846858
860696059886174258
860714440747778059
613054935734419477
860791463197278258
860778690232057867
860756699739848714
860687507044696094
860767378047893535
860740766548492319
860336050907643914
860699173451595817
860743366635028500
860686147431956500
860700273706401793
718920439883235419
860782302556192770
860356857637240842
860717684345929728
860713326463942677
860714699036819476
542742584078893058
860748100116545546
840628384618119208
860704233656942603
860692320785530880
860783806620499978
860704878107689020
860782302988468264
860799262991843348
673918978178940951
860715768727076875
767375290430914560
860760886351888415
860772526930001930
860718518362570752
860720504326586419
860763279424749568
860775686611402752
860754962614714380
860748318849761290
860786824292466709
860689714159812619
860797784731156531
860765443123838998
860733401559728178
860684547870818334
860729558029303819
772910273362264074
860739692113952769
860771241194422282
860705347496181771
860707330626945065
860752808991129600
787036004645077013
860742725057773581
860796514502049835
860679954126602272
860785980621848576
860786612761526293
860794425679806504
860770169193758730
860776548838408202
860751733626109983
860724592981049355
860794215675723787
860780594055872512
860716596950204416
860779959174037516
860761104577200138
694983798949019659
860716596758446090
860792103419904071
860704231211401226
794594292365525043
860523784636334082
860721158621102090
860779747444129803
413856243271204865
860679706315325462
860784446851776513
860777207093395456
860765021655400468
860765230807121931
772572971863638016
860797147603271710
860764332832063498
860742943579832360
858008692452622406
860790816695779348
860712179724713986
855255955964166205
860716856695717898
860768869907431424
860686151689306123
860738835452788756
860699615312216084
860681950767087648
860692766547247175
860711228820553739
860709945510723625
860740984425414686
860766523346255902
860753889426276383
860791887480619039
860797359017164800
860752165201772584
584858626896953358
536274757637636117
860762622832017468
860710376928444436
860696506293682197
860763276911706133
468281173072805889
860757336472551504
860726561342357595
860773788445966376
860779331022225438
860754746407387187
540204391022723073
843200178492014682
860725769910747189
860726032788750386
860788711586922497
860708322532655114
860784871643676702
860776114439585812
703409165485342750
860750662055493643
860686690435334184
860757559970627624
860697846772138014
860750875152875550
860771887599976520
860753032378712085
860765664985481236
811686062190755840
860695594590011392
860795891480789022
860695121301209088
860731827861192714
860764804675665950
860361326513094696
860723129621282837
609818375446724669
648645827312746496
860687242678763540
860775685354291221
860693981473669140
860706673022599228
860743581958012958
860761315618455582
853358490923040819
860686969276727348
860789971640385547
860781239598448682
860727299146383370
860687232628293633
860793373551493170
743642528322158736
860789340581789696
860754747019493397
860722291083968532
860781878314795028
860333460547960882
860762178797174784
860705852037660672
792118923477647420
860774631174701056
860792313265651712
860684809412149248
860714437152342016
860751301990547476
860725183827935252
860772734698913873
741218634604740639
860755605857239070
860765884796764161
844393733155586088
860734140168405032
860698509137018910
860713582077280296
860797145572966401
860786189937803265
514542292833402899
860750227891945503
811010660287643698
860349057699676181
860782092387483679
860760886883778602
860751947849269299
860770378863214613
860724292706369566
860717984452575232
860744871106052097
860688034823274507
860713063161790464
860703800917622794
860783143925579786
860795475371622401
860793165568540682
646121709228785669
860762392879431720
860523548744613928
860783355909636116
860520911253667870
860748317818093598
860789549852917770
860768017562468392
797702007276306452
860728648382414879
860799682765783081
860741650358730802
690326722486468814
860737102022967316
860710593325826088
860751086787887114
860771669887025202
860685061006163968
860359101653581874
860798843297988609
860701164651020289
860755605298872340
860761321623519233
832696631098998815
860710379310022706
860728420937891850
836265518981840946
860732941012172800
825028689346822204
860711908697309234
860692997749473291
860716594854625330
860746166504128543
860726302406606868
853331785902587925
860738618692075551
786034208563789874
860792949762818069
860749585563123743
860739907579543552
860780824528945162
860719947549507584
860525429864398849
854016083463634974
860706103859347466
860735783970013195
860525971337904149
860362081629765643
785981415215857696
860744228896505866
860794635856904192
860713846625140747
860710160476799006
860743150675296256
860757773623885833
860792955325775873
764997081575981058
860727298914385920
860778477816905739
860749586645778453
860756264896299018
844087432806400021
860679462702153779
860745304680955914
842869343595659304
860700275337461792
860762838272573450
860795475669549066
483354702503739394
860742509676331008
860738835712180235
860691654200655892
745456400414670895
860727979013439508
841734242403614771
860788711200129025
860772945693245471
860775475269468190
860736885953789992
860788292177756180
594589215761891339
860730708134068244
860749801237512192
860747031336583179
860771028438482946
860767803043479553
860761534174593044
860763058389647410
860739266425126942
860788919426875403
860736875705532426
837038698679631912
860728876631982130
860735080598994945
860706104422170625
860799263612469268
837019237112479814
803292018574884874
860709080460296202
860700717924220949
270904126974590976
754445537880703066
860768234645880832
790063617714290730
860723131123499028
454998509117243413
860706673609539605
860760065484390421
860781240516345876
860722868202897418
860760318203658280
860763783847477278
860767590417956885
860767163958820864
860717096970485811
860698955590664232
860751521759494144
860703374839119872
860724595422265355
860777843494617139
860783355187298324
860694895970877470
860754316754419712
860695834994933831
860731162528186368
860524114300895242
860704448749240340
842206393054134292
860704876367446057
860769299328794636
860744445770334209
860728873607102506
860741442656665660
860712739725901824
860795684973051904
860774000950640640
860748530246352896
860789759076597771
860791887966765076
506293501294542859
322763614719180800
860718782972297238
648232534286532644
764329476284481536
860786188704546837
860741865581969408
860773367997136916
860767802988953621
860731829644165150
857969190739509318
860791887841853441
860772097424097301
860788078464991312
860773156167614494
860738406577078272
860719948351668225
860731827232440341
860744658056904715
860712179606487041
510501991152091138
584370538156261391
860770602016571392
860750874259619840
860790823711801384
860768444584558622
773754801556815933
794448832376864768
860698509987545148
843539029046722560
860736441843318785
766357057619886162
860762403174875138
860737323734269962
859787597257375764
720351927581278219
860747885931266058
860686969737445387
860718518272917514
860332496834789376
860756048800776202
860798626921185281
860748948133117973
860752380895428639
860686972619718686
860746601428811806
860778265841238056
860778475237277716
860732483808133122
815507183592407071
860730937100992552
755502954500325397
860720723324829726
860761749690253342
860798202546487317
860333949012541462
860702270203101194
860717098317381633
860796936261337108
860705096709701643
860758639342125076
860741649021141013
689388352515866625
860766737162436609
860791673683312641
860712739609640992
860743582687690773
576085312254509062
860721415895253012
274697459039731712
860781453632733194
860736005065015336
302050872383242240
860781877429403668
860696730230849546
860743803110686750
860685593977552906
860706355760988180
860744870326173706
860525674438852619
860708322762817537
860775268825563186
860768870595297321
860727080357593089
860696289619476511
860780174119403540
442536118790127623
860764803747807232
860769742435778571
860721163536564225
860786400580468736
707418573093601280
860787660208734228
860779122451808266
860717685569355837
860703373439139901
860743152599040041
765285671354892329
612556640084033561
860722609485512744
734723110460194826
860720252996681748
860797992763916319
860730484618690580
778746830594244648
860707817819209784
770769685327118346
860685062235619358
860723130074005544
860746378128261120
860751091067256852
830209701320327258
860783355452850187
860784871349682216
700623103138725949
860780169475260427
421078737375723522
860765886360453150
795913494868393985
860776977421041685
823319750770950153
860779748468850718
860794844073820161
860681187315154976
860713582177026079
860749372877963365
860716027616034826
610559497907339398
860719620381343764
860792740533895220
860727521972977674
860717417642066011
768124204309938177
860787242154459186
613119451113455721
860791252097826816
860700276557479956
860753247111086102
860728199926382602
860754315927748610
860742296377884713
860740126380261376
860360572708585513
860792103088029696
860725772162695201
860713582752956467
860795683653287966
860680209614766122
860779957286731807
860795263390973952
860795052556550194
860799899414298624
860788077987495966
860747672779620352
860683813905629234
860711658476929065
860726854351716352
860770603166597120
722966478948925460
736579949279838279
860359846234816522
860687508098121769
860759748114251797
860759749741903872
756577905718329404
860765018773389343
771049737297330187
860732936885239830
653681034981933076
504769088006914050
860772098553020427
860736875199463504
860718253608796190
850484364600016906
860711657764290600
860685058104885249
860745085922312212
860714159564914729
860700056314970144
860754962237358122
861614287221817374
860779539210698763
860769955074801684
860774421559115796
860788293322932234
860798202604683274
860680210180341801
860758418641387530
776543701655748609
834125960222867456
860793589307277352
860760571212464128
860739265955889152
860784023684382720
860780819458293791
860732717368606801
860349523200180255
860711446698262528
860771240809594900
860787870029185044
860749159312523314
860698285118980156
860709723556806662
860775268376248330
860732716886654983
860744872914321459
860771671274815489
860752809410560021
860684543669698592
860777422714175488
820687848281473048
860710160896753665
860790603234279444
235148962103951360
860737971665895435
860737322589093930
799954622121771040
713844025836306583
860742509595590676
860708866634547210
860797358530363403
860347428914200616
860771878972293121
853317808717168650
860788919662936115
860776763528445963
860792950225240075
860763528998027284
860686426974715915
860770169688817665
860741202101665792
860688028254994442
860734611826933802
860769512169406465
860732936785756191
860760569824542731
860679955033227314
780509818531872780
860702049648640031
860799683176562698
860727746120384522
860733399097540608
860789969027465238
820854597094080572
860520913643241512
860794635369447425
860688855685922846
860790392709840916
847335841792655380
860798413004210187
860699392998768640
651903512061673472
860789760318242846
782431046612287488
860713326358429706
860726572302336050
860730263672061992
155149108183695360
860710378991386634
860789130639441931
847629589273772072
860710594202173461
860755831082582057
860786612647624714
860775056808345620
660563979684544513
842762241034944553
860694210575466516
812895415779065867
860787868639952907
860779748693901313
808312399387689011
860782512925311017
860750011474378762
860734139602042890
860731161834422273
860785769550970890
860728200770617354
860688573219995668
860798411292934144
860794218082467843
860742082925559858
860698065857019925
860720504347557908
860712443574222878
860728417560821760
860768659701760010
519229859831087104
860697397188886558
860722289490395156
860700939266555934
860767590183469066
860735315407929395
860704018565431326
860288646854606930
860779541063663636
860796728130666496
860788293825724416
860756910742437888
726266000416178220
860717421030277131
860733398736961557
860771453934501898
860692111074787368
860796936223326208
860685878879715392
860695120969465898
860786189706723338
860763278225702943
860755389393928213
860686430178246717
860524667931983872
860732266963795969
779505278445682708
860736656860512257
860740555880660992
860713839216558080
860747673015549952
860775058691981322
860685595999338526
860679707644657684
860702268641509376
860719042108325898
793993984556269633
860750439862501377
860794006006267904
860752382252810250
853840110071316481
860333702521421856
860770592642039808
860771458838167602
860747031793500241
860731606281093131
860749374099554314
860715249795203102
773630436990517278
860742297473777714
860750655512772658
860759516348678164
758076219433418832
860743581798236170
860778054812696606
860726855979499541
860751734195093504
852912358471893002
860788502882549781
860709084818702338
860758417856659456
860796308876034049
613749380129751050
860768227147776010
860762178796388354
777895598334410793
860736441659031602
860742300949544961
860729105968529418
860725448001978369
860735785544187936
860784440824299551
860729792382631946
526371782320586765
860747248190488607
860776983528865812
860784231801946112
860724029223731201
860786823243890688
860724869096669224
860781669351030785
860764039336558592
860696060355149843
860772944703914004
860778701943734282
532290691750166568
860751309186400306
860796936126857227
860776763592540171
860734612568014918
860693984061947954
860523783503872001
860746600699527208
860752594586042398
860719363945922601
857387363840032779
860704448778207282
860761965349306388
860723396807884851
860680465794727958
860709508061986867
860737750834348063
860704015298199593
860695355297103894
860720718077362209
741397949610721422
860703799802200066
860781031551795202
860684058181894144
860764037579407401
762552903893385256
860765231794225162
860756477664559134
860773788542697472
860758635277320192
860754316394102784
798711261969121291
860718519163682867
860716026286178365
860792741575655424
860750012421373963
860792741532925972
860696952503926794
860766945451442217
860756481028259871
454002148741611542
860759755119525888
860785739364565002
860740128652525588
860708866743730210
860717984519421953
860737533998792704
860789130488446976
860759527985381376
860771670453125160
860797145693945886
827841563434024980
860791251279151135
860335557460230157
808526138254163989
860697177486786581
860739691904499732
860738835499057192
860680928082919505
860786400772096001
815478404979753031
860753462307586058
860686429620666379
860732049018454019
838267625246949386
860711447671472138
860708867864264764
860780609513455636
860713059701096488
860773368341200917
860769512444919818
860749801665986560
860773578005676053
860794636142772224
860775056165830657
860760572151857152
860718782300946464
860776120027054110
860722291876429834
860770817608515615
860781031476166706
860738402676768768
860706103603232808
860698066277236736
860795262687772682
860755174837977089
860697845937995806
860708611911057448
860774421522153493
732204511581438013
860790602667917312
860729557069201420
840117555540525076
860774210036695070
860725451080859649
860766953157427250
860753462711287839
649338571249025035
788394628406706216
860708323732750336
860751519837192213
860697397121908746
836841256201093130
860718782543298580
860744011810865193
860361826691448832
811053240355389461
860740341845852180
860766947448193034
860705096136785960
860782513034493972
860765659202191381
860792313592676383
860731385458982913
860709507574136832
860754962975162380
782703107247308823
860700056361369631
786273581704806460
860348826505576459
860717097097363456
860695833263734835
779850080429670400
742938364441002016
860753890126200842
860759065159270431
860743366617858078
860717685642100798
860684305436770335
860754100807663626
860692323427155998
860721972491845662
860733885732880404
860755391214518272
860706356544798720
860748529453236226
860698729668280352
860698285902790667
860776981490696212
860783566727282698
860756911476178984
860694430833836053
580485731273670672
860785979278622740
839717641568780298
860775267911598090
860745085301555260
860784018524995594
860760886247817226
860733644103221278
860749374506008578
761506654264754207
860780380402352128
860716328805597205
860762846237425664
860793797196644372
860793798354665493
860738619597127710
803329904073768971
860753888940785664
712329871346630817
860699173593808906
735951971009298443
860711447638441994
860705598969348096
860714437446598667
860749165181009922
843525134895153153
860707113411543070
860736224247152662
755249571193684098
860754751489703946
718909835567038485
860744013559496725
860696731465416736
860288505589399582
835777281363673161
860766736580345868
860772306862866442
860729336163860540
860779330930081833
860720942816952340
860795263391105044
860742082209906748
860795052599017494
860759067563261962
770514210329198632
860720246260105256
860784653794279424
860755819251105832
860798418988433438
843885097563193395
860331540734017566
860737107583827988
348151859179028481
860758850398060565
860752162258944000
860706685046882334
860696060649275412
860362081828077598
844815774560026654
860692767143100428
860701832058109964
860787241118859314
860744013224083486
860361323744722986
860791252513849346
860744230071042069
790301219645947956
860706896751362131
860748949489057802
776616583384399872
860773366355984385
860737099853594666
699041550491058226
860785318189465601
860739050523983902
860715510885515314
159985870458322944
860764587451744286
860776329602138112
860721713846681610
840669421432995850
860745518270906399
860703799970365462
860739050939482133
839317533923868702
860715509934325801
842815766210150431
860684306719440907
860730934097215488
860791463716847626
860730258378719233
860725185039958037
860686159334998046
860736229967790100
860768871526957076
860696288373768232
860739478243115009
860719041937014792
860726853839749140
860684058798587904
860785317200265256
860721713112678463
860750654220533760
593610268521660430
860705348104880128
655810394111344642
801664248769937411
860745950360109056
796269867320868915
860788710077235241
860796309879128094
860749800269938719
860797784529174539
860737964278808587
860720718894727209
860774214444777513
780267122878185482
860729337056854036
860767806496440341
860748739948838954
860736005614469140
860750875080523776
860681177828163595
860798836875329536
860732049354915881
860733168399024148
860769088862945290
860740341396144139
803727332677386271
772823350744842280
447275395356688384
860727080017461248
860737532953886731
860727976369848370
860799053540098048
860695595656544336
860735785082683392
860783145073901598
860750441813901312
726563553980710945
439205512425504771
860726562599731200
860756699299053579
860741864981790741
860739912067711008
860784231521452042
860774845548986378
860781880323080213
765983168947159040
720588392429256724
860741201786306560
860759299286761492
860755606292660264
860785081589170207
860753677110345748
860768015204483103
860703162016202762
860784442573324309
860754101070200903
310922255318384650
860705348385898496
860731385470910484
860748100191518741
860789970692341790
860710159605039104
860746817821212684
852708239983509586
860735316259241984
724739742331175023
860740341672706059
860733644117377024
860778263831511050
860762392727650355
860757986485469194
473347117885161472
834916779875762186
860697176098603020
733604785181425695
860703588950736926
860704018194759741
860765444541513728
860761102655946762
829842856520581141
860693241477070859
860785979786264576
860697845430222918
860740555662819378
692004116410531860
860741866155540501
860705852243050516
860766525337632798
860732268838518795
860684545783365655
825545649553539082
860772735097503764
860715510479192066
689510808878579715
860524383806160935
860685594601717761
860692996193255446
860708069708529685
860345251847602176
860728871874986004
860762622827167744
860726030754643990
860335557967740969
655593784721276968
860711912690286602
860738622742069288
805907581776166973
860727525352800257
860742939172929546
860729791493570590
860723399839449128
860771883677777920
860799690068328449
860694663144800256
860785084188721183
860763062361260042
860732487642513418
860711015317504031
860799051736809483
860796515714203668
860775474926190612
781005106132811817
860796726955474964
860774001186177054
860765019943600128
860724293930844272
860714698538090538
499595256270946326
860684807389970443
860749585961451520
860732484357455884
860735551866535956
860736223633866772
860777421917126656
860707110786695181
860757552928784395
204255221017214977
860781452701859870
860789338807992330
847471804264087572
860728200678342717
834178830721744896
860789548934365224
393492768108052480
860707114069262376
860757342722850816
860359594098688000
860734838486073344
860724029413392384
860791041694236683
860729336890261514
860730485239316501
860770817495138344
860715250122883102
860782931697860638
860773156171415562
860748317411377153
860685326418837514
860785528379408394
860778688479363082
860751734162194442
860757774005567498
860793589701017610
860696506159857706
552123905574305792
860728427564630046
860793588819951646
860742939109752863
860732267688099860
756542348149915758
860764042985078804
860790393833259038
860359846179504158
860723705180586025
803739503704539156
860781239606050837
860777633477427200
860723704547115058
860757123847946251
860747460396449852
860716857718865930
860768016321347594
860798836468744213
860752381833379871
860693508255907851
860711232272203777
860760319604555776
860779117251526667
860698067611156490
860777212965814284
860776114586648576
860719623170687036
860794427337080844
860729107649527818
860776329325445140
375262943052300289
860704666659717120
573291207321452545
860755817795813377
860772525012942848
860742724181688332
860777635378757643
860782090806100028
823309537074610237
860741201376313365
860712178368380930
860746167184130058
727562710358687825
860758420231553094
734422487319838740
860730707664044042
860787241285713941
860792102027919380
860787659563991050
774113976920834098
860774630449217537
846849528564940800
838797461743992843
860794845609721886
860756049547100160
860721715247448084
860760065112145921
860772946410209310
838636017241948160
860752601016041504
860685886374674443
852957388151849030
860733885175037972
860777191423606835
860744447687262238
818906096616996905
860745950775476268
589857499583348737
768868517537382440
860747246953562132
860700496335077386
860359845312069692
860720504209408020
860778910530797568
793955942080315423
860743802641580045
409875566800404480
860782091875385364
860763529732030524
860753676197167104
860751302357942292
860745517893419048
860726302205673492
839474138842529832
860742724179984394
730477969822318592
860745733333450753
860709943236755487
860715768294539284
860743803514519553
860789130392895489
860780167457669131
344615882032676864
614558966038396928
860736014264172561
860778053973835826
860776556305711104
860756263876689920
860793798586400768
860720246485811211
860771029952233472
687852987674394626
234395307759108106
860783799394238484
860718251549392926
859109808777723915
860688854166929420
860751518735007755
860747249205903360
575060952421105695
860730021408014346
860794216740290590
860781668713496576
842819428411637780
860780382789697536
860779958665609226
782156152473124884
860693240412241921
860768227176087612
860740764753330206
860721971880919060
860753676763004929
860681689194037260
860787033840287766
860735549596893215
860767164491366401
860783591574732820
860795890686885889
860745733258084384
712759746041610372
860750012999663616
860758855034077184
847225584966041620
860740125893853214
860785528088559626
860723396803297290
860739478796369961
860774634970021899
860790602672504842
860785318776537119
860769519571304489
860784231810072577
751322992713269288
860701611344658443
805680034529804299
860756912219095069
860331313935941632
860698954492805162
860704448521961472
542482524107177986
860741652003291136
822792249121046538
860777634371731486
860771240595685437
723492505026297976
795428775759970315
860734844422455307
644680048607100933
708935548139733013
860796309329805343
860773579371970591
820766623094407208
860679958024159253
860736656470442035
860727080631533608
860753247035850752
520778952709505067
860707817362161665
860696731161985045
824291371196088371
860702712056643584
860757985898004490
860709723615526922
860680213971992576
860773999175794708
860790181165269002
860693744965255209
860705599762989107
860724866038235186
860769086991499275
860724595065618432
484733300598898719
860800109859176508
860747459558375426
860347196598386698
860729561041207336
813502620433121332
860766099796262912
860781668825694238
860739907613622292
813463967430606888
755565015569793144
860739692126011413
860693743547973652
860735085870448650
768002760259010592
860693511786332191
860776327069958175
860724869238489118
860682745373261844
773374584535646239
860713065128919061
860693239383326751
860766523831091230
860788502845194240
860695354941243403
860699616402735144
860727973744476170
860706356378337280
860744659898597386
786676480490209301
860765230120697908
860741414669385768
860721972668661770
860778480881631252
860737533905600594
860679464781086731
860796727938514984
860765671365541888
860770379386978314
860699838231347201
860754530879012914
860785740392038410
860525194245701652
860680931730653195
860693745582604288
860697630060314626
860748739140255785
860766099251003423
860787033324257310
860705852357083167
860741434918174740
860789549037649941
860723705151356938
860710802733531136
860786402722709515
860779117250084897
860791463688536065
860361578901798932
860730019399860224
860743152007512075
860746378203889674
860710594297856052
860781461208694795
860747883913019463
860774211106373682
860797577028698123
860716330214490142
860729108127285289
860795475074351104
860782933765259277
860745300323074058
860774421844197397
860768659730595871
860755177392570368
860798626783690753
742500896734183516
860786612924842014
860744445413556234
860362330205978684
860794844876242944
860787450137149450
860787450725007380
860735316129087579
860693982802346065
860790390378463252
860745518632534016
860715249039704064
860765443597008896
860722865610293248
860705598243995669
860751947174379551
860769735091552277
860758635978555403
860757774408876054
860714991590309899
626486985422536706
763507084586778646
727983635696975902
860704878024458250
860724293302484992
860766311889633317
860763784532590602
860762177697611776
860735547495153674
860772526081441792
860738185188868106
860709294726578186
860731608310874162
860778266323058728
860748528917413889
860771454440964117
860718254128496641
860711014550208532
860699836097495060
791819555529293844
860788919465279489
812473485644922892
860683543473815572
860696955150401566
860717990940901426
860686684139814922
860716329400664064
860750226008965150
860773156016619571
820011535925116970
839446289170169866
458276816071950337
860775903817367572
860726037839085589
860725183882592286
860745301572583434
860703154709331968
860769087411322910
860776763918516254
662782218661527552
694094969056788521
860685326863171594
860769956021927947
860701163342004254
860719041520599060
860685883002847232
860707330794061845
742691596323127327
498476569166217228
860684808932950016
860747885578027018
860752161730461697
795705856964427809
860703153011818547
860749159203995658
860761534639767592
860726303561089066
860797994269016065
860343501992493086
860687764097466378
624098674326110210
860697628803072012
860696289879392266
860769300485636117
860794008246681651
860792528629530646
860772736069402654
860746817188265984
860750225614438402
683473103829073924
860719359085117460
860762838817439754
860761966003093525
860793373673127947
860775906155298816
860707817328345129
860716858357448704
860784662036611103
704107357495361626
860755175282311188
860730932222361622
758472154550632478
860769954089271368
370778949078482944
860777842128060467
733629952867565588
860784872115929109
860768444055552020
834052492500140073
860694429353508885
860737321179807744
860694208829849610
860739478230269992
860769734265798686
860779540230307860
860700716393300009
860787660075433994
860761314854043650
860759303661289472
860733642631938088
860792312221007882
860747032465506335
760495766372089916
860756048771678219
860742085719228437
860794008183635988
860695365417435136
787609998779482124
505931151345713154
595065500782821378
860770815816368149
860746386563268658
860779330191097886
843629834512236627
860781032722661397
860799472527474688
860753246787076146
564916628001914902
860754529347829781
778380519025016843
819260292281925672
860683283888078848
860686682722140162
860799472589340683
860734376558854174
860745733979504660
860740985947422720
860695831786029079
860736664905187368
860780381397188659
860728650605658193
860679461799329802
860748108572262420
860790182658572308
860787451374469130
860776540551905280
860750440516681740
822973924714217522
860795683841245185
860773579493474334
842820894216159293
754351756279808031
860730021022269463
860765887073091644
860733167136145439
860701392581689345
860706900999536650
783423890826461256
860753032463908894
860731162267353128
860757986326478868
860721416982364161
860738397961453578
860797358497202197
860714991987720212
860764802506162187
860771029135523880
860792529204936755
860789339508441158
860721415157448746
713935429371691060
860747460162748436
860737748821082122
860783565671235585
860760066243559454
860727298089025546
860739050515202059
860759068229369897
860784016960651264
860738184622374962
860767378555928587
860790834072256553
825032332598968410
860756700238708747
860725447452655656
860697398107439115
860768658846253076
816409491619971083
860699614352900096
860772316728524801
860775686703546369
860733885124837387
860710804633944064
827574198577791016
860700937207545856
860711015761969163
860757337270779904
860712442795130930
852912613650202675
860720942031700059
800116324352655411
860699172961386526
860798201933332490
860748740607737877
860770168535384146
860773787288731669
860782722976317471
860788502954115072
860733168873111582
860713836335333406
860731606208348180
