839934812260794378
860289437166469141
860289410973302805
859992266520264705
859988459179737159
859987747481976833
859986074562461726
859985628929327155
859978834221072405
859477485560266783
855600659662241803
847361590416113704
847284405978136576
846433263228682292
842833399169155153
841168232513142825
841167316108181505
841155712670760960
840975280365109268
840647069898768413
840470592674988033
840445712243097610
840440646070042664
840440612608409611
840440550774669362
840437588614709258
840437559569022987
840437529094127616
840435968452722698
840435953398841396
840435922066472961
840435908606951444
840435891822657536
840435869784866827
840429467138261002
840429409902657536
840404504596054037
840398119220805632
840398015276515358
840397844854079529
840397792919945226
840397655938301962
840397360789323786
840397239091462145
840397104471343124
840398243141648446
840396997478318090
840396805447090196
840395956858912788
840395378582093826
840394886964576299
839934812260794379
839934812260794380
839934812260794383
839934812260794386
839934812277702716
839934812277702717
839934812277702718
839934812277702719
839934812277702720
839934812277702721
839934812277702722
839934812277702723
839934812277702724
839934812277702725
839934812293693520
839934812293693521
839934812293693522
839934812293693523
839934812293693524
839934812293693527
839934812293693528
839934812293693529
839934812337078322
839934812337078328
839934812352806959
839934812352806960
839934812387016715
839934812293693526
841527383760437259
839934812369715272
842064314067582986
839934812337078330
839934812369715274
839934812369715275
839934812352806954
839934812369715277
839934812337078331
839934812369715273
839934812352806952
839934812352806956
839934812352806957
839934812369715278
839934812369715279
840613758862360607
839934812369715280
839934812337078325
839934812387016719
839934812387016714
839934812337078326
839934812369715271
839934812369715276
839934812352806958
839934812352806955
839934812387016716
839934812387016720
839934812387016721
839934812387016722
839934812387016723
839934812394618911
839934812394618912
839934812394618913
839934812394618914
839934812394618915
839934812394618916
839934812394618917
840687303193133056
839934812337078323
839934812293693525
840684533253931008
839934812394618918
839934812394618919
839934812394618920
839934812407070831
839934812407070832
839934812407070833
839934812407070834
839934812407070835
839934812407070836
839934812407070837
839934812407070838
839934812407070839
839934812407070840
839934812420833310
839934812420833311
839934812420833312
839934812420833313
839934812420833314
839934812420833315
839934812420833316
839934812420833317
839934812420833318
839934812420833319
839934812432498781
839934812432498780
839934812432498782
839934812432498783
839934812432498784
839934812337078327
839934812337078324
839934812387016718
839934812352806961
860186342793281576
839934812387016717
839934812260794387
840404488371437608
